79 80 81 82 83 84 85 86 87 88 89 90 91 92 69 70 71 72 73 74 40 41 6 111 43 54 44 42 45 46 47 48 49 50 51 52 53 55 56 57 58 59 60 61 62 103 104 105 106 107 109 110 112 113 77 78 63 75 76 114 115 116 117 118 119 120 1 2 3 4 5 93 95 97 98 99 101 102 7 8 9 10 11 12 13 15 16 17 18 19 20 21 22 23 24 28 29 30 31 32 33 34 35 36 37 38 66
1:98649808:T:A 0 1 1 0 1 1 0 0 0 0 0 1 0 0 1 0 0 0 1 0 1 0 1 0 1 1 0 0 0 0 0 0 0 0 0 0 0 0 1 0 1 0 0 0 0 0 0 0 0 0 0 1 0 0 0 0 0 0 0 0 1 0 0 0 0 1 0 0 0 0 0 1 0 0 0 0 0 1 0 0 0 0 0 1 0 0 1 0 0 0 1 0 0 1 0 0 1 0 0 1 1 1 0 0 0 0 0
3:20175754:G:A 0 1 0 0 2 0 1 0 0 1 0 0 2 0 1 0 1 0 0 0 0 1 0 2 0 0 0 1 0 2 1 1 0 0 0 0 0 2 0 1 0 1 0 0 0 0 1 0 0 1 0 1 1 0 0 0 1 0 0 0 1 1 1 1 1 1 1 0 0 0 1 0 0 0 1 0 2 1 0 1 1 1 0 0 0 1 1 1 0 0 0 0 0 1 0 0 0 0 1 0 0 0 0 0 1 1 0
3:111522059:G:A 0 0 1 0 1 0 0 0 0 0 0 0 0 0 0 0 0 0 1 0 0 0 0 0 1 0 1 0 0 0 1 0 0 0 0 0 0 0 0 0 0 0 0 0 0 1 0 0 1 0 0 0 0 0 0 1 0 0 1 1 1 0 0 0 0 0 0 0 0 0 0 1 0 0 0 1 1 1 0 0 2 0 0 0 0 0 0 1 1 1 0 0 0 0 0 0 0 0 0 0 0 0 0 0 0 0 0
6:85678170:G:T 0 0 2 1 2 0 1 0 0 0 0 1 1 1 2 1 0 2 2 0 0 1 0 2 1 0 0 1 1 2 0 0 0 1 1 0 1 0 0 1 0 1 1 0 2 0 1 0 2 1 1 1 1 2 0 0 0 2 0 1 1 1 1 2 1 1 1 0 1 0 0 0 0 0 2 1 0 2 0 1 1 1 1 2 1 2 1 1 0 0 0 2 1 0 1 1 1 1 0 1 1 0 1 0 1 1 0
7:97174024:A:G 0 1 1 0 1 1 0 1 0 0 1 0 1 2 1 1 1 0 0 0 0 0 0 0 0 0 0 1 0 0 1 0 0 0 1 2 1 1 1 0 1 2 0 1 1 1 1 0 2 0 1 1 1 1 1 1 2 2 0 0 0 0 1 0 0 2 0 1 1 1 0 1 0 2 1 0 0 0 0 0 1 1 0 2 0 0 0 0 2 0 0 0 0 1 1 0 2 0 0 0 1 1 1 0 0 0 1
8:118599237:A:G 1 1 0 0 1 0 1 0 1 0 0 0 0 0 1 0 1 1 1 0 1 0 0 0 0 1 0 0 0 2 1 0 1 0 0 1 0 1 1 0 1 1 0 0 0 2 0 1 0 2 0 1 2 0 0 0 0 0 1 0 0 1 2 0 0 0 0 1 0 0 0 0 0 0 0 0 0 0 0 0 1 1 0 1 0 0 0 0 1 1 0 0 0 0 1 1 1 0 0 0 0 1 0 0 1 0 0
9:136753846:G:A 0 0 0 1 0 0 1 1 0 0 0 1 1 0 2 0 0 0 0 0 1 1 1 0 0 0 0 1 0 0 1 1 0 1 0 0 1 1 0 0 0 0 1 1 1 0 0 1 0 0 0 0 0 0 0 0 0 0 0 0 0 0 0 0 0 0 0 0 0 0 0 0 0 0 0 0 0 0 1 0 1 0 0 1 1 1 0 1 0 0 0 0 0 1 1 0 0 0 0 1 1 0 0 0 0 0 1
10:68837177:A:C 0 0 0 0 0 0 1 0 0 0 0 0 0 0 0 0 0 0 0 0 1 0 0 0 0 0 0 0 0 0 1 0 0 0 0 1 1 0 0 2 0 0 0 0 0 0 0 0 1 1 0 1 0 1 0 0 0 0 1 0 1 0 0 0 1 0 0 0 0 0 0 0 0 0 1 1 0 1 0 0 0 0 0 0 0 1 0 0 0 0 0 0 0 0 0 0 1 1 0 0 0 0 0 1 0 0 0
11:30323336:G:C 2 1 0 0 1 2 1 0 1 0 2 1 0 2 1 0 0 0 2 1 1 0 1 1 0 2 0 0 1 0 0 2 0 1 2 1 1 2 2 0 1 0 1 1 1 1 2 1 2 1 1 0 1 1 0 1 1 0 0 1 1 1 0 0 1 1 0 1 1 0 0 1 0 0 0 1 1 2 0 2 0 1 2 2 0 2 0 2 1 1 0 0 2 1 0 1 0 0 0 1 0 1 1 0 2 1 1
11:74842789:C:T 2 1 1 1 0 1 1 1 2 1 0 1 0 1 2 1 1 0 2 2 2 1 0 1 0 1 0 0 1 1 2 0 1 1 1 1 2 1 1 0 0 1 2 2 1 2 1 1 0 1 1 1 1 1 2 2 2 1 1 1 1 0 1 0 0 1 0 0 1 1 1 0 0 0 2 0 2 0 1 1 0 2 2 0 1 1 1 0 1 0 0 2 2 1 0 0 1 0 2 0 2 0 2 1 2 1 2
12:31060697:C:T 0 0 0 0 1 1 1 0 1 0 0 0 0 0 0 0 0 0 1 0 1 0 0 0 0 0 0 0 0 2 0 2 1 1 0 1 0 1 0 0 1 2 1 0 2 1 0 0 0 0 0 0 1 0 0 0 0 0 0 1 0 0 1 0 0 0 0 0 0 0 0 0 0 0 1 0 0 0 0 0 1 0 1 0 0 1 0 0 0 1 0 0 1 0 0 1 0 0 0 0 0 0 0 0 2 0 0
12:56050848:C:T 1 0 2 0 1 0 0 0 1 0 0 0 1 0 0 0 2 2 0 1 1 0 1 0 0 1 0 1 0 1 2 1 0 0 1 1 0 1 1 1 1 0 2 2 0 2 1 1 1 0 1 0 1 1 1 0 0 0 0 0 1 2 1 1 1 0 1 1 0 1 0 1 0 1 2 2 0 1 2 2 0 0 1 0 0 2 2 1 1 2 1 2 1 1 1 1 1 0 0 1 1 0 1 1 1 0 0
16:50319799:A:G 1 1 0 1 0 0 0 0 0 1 0 1 0 0 0 0 0 0 0 1 0 2 0 1 0 0 1 0 2 0 0 0 0 1 2 0 0 1 0 0 0 0 0 0 1 1 0 0 0 0 0 0 1 1 0 0 1 1 0 1 1 0 0 1 1 0 0 2 2 0 0 0 0 0 0 0 1 0 0 0 1 0 2 2 0 0 0 1 0 2 0 1 2 1 0 1 1 1 0 0 0 1 0 0 0 1 1
17:65559491:C:T 0 1 0 0 1 1 0 0 0 0 0 0 0 1 0 0 0 1 0 1 1 0 0 1 0 0 0 0 0 0 0 0 0 0 0 0 0 0 0 0 0 0 0 1 0 1 1 0 0 0 0 0 0 1 0 0 1 0 0 0 0 0 0 0 0 0 0 0 0 0 0 0 0 0 1 0 0 0 0 0 0 0 0 0 0 1 0 0 0 0 0 0 0 0 0 1 0 0 0 0 0 0 0 0 0 1 0
21:44029525:G:A 0 0 1 0 0 0 0 0 0 1 0 0 0 1 1 0 1 1 0 0 1 0 0 0 0 1 1 0 0 1 1 0 2 0 0 0 0 0 0 0 0 0 0 0 0 0 0 2 0 0 0 0 0 0 1 1 1 0 1 0 0 0 0 0 0 1 0 1 0 0 1 0 1 0 1 0 0 0 0 1 1 0 0 1 1 0 0 1 1 0 0 1 0 1 1 0 0 1 0 0 0 0 0 0 1 2 0
22:42004412:A:G 0 0 0 0 0 1 0 0 0 1 1 0 0 0 0 1 0 0 0 0 0 0 0 0 0 1 0 0 0 0 0 0 1 0 1 0 1 1 0 0 0 0 0 1 1 1 0 0 0 1 0 0 0 0 0 1 0 0 0 2 1 0 0 1 0 0 0 1 0 0 0 1 0 0 2 0 0 0 0 1 0 1 1 0 1 0 1 0 0 1 0 0 0 1 0 1 0 1 0 1 1 2 2 0 0 0 0
22:45330464:A:G 0 0 1 0 0 0 0 1 0 1 1 1 0 0 0 0 0 0 0 1 1 1 1 0 0 0 1 0 0 1 0 1 1 0 1 0 1 0 0 0 0 0 0 0 0 2 1 0 1 0 0 1 0 0 1 1 0 0 0 1 0 1 0 1 0 1 0 0 0 0 1 1 1 0 1 0 0 0 0 0 1 0 0 2 0 0 2 0 0 0 0 0 0 1 0 0 0 0 0 2 0 0 0 0 0 1 1
22:50570783:T:C 0 1 1 0 0 0 1 0 0 1 0 0 1 2 1 0 1 1 0 0 0 0 0 0 0 0 0 1 0 0 1 0 0 1 0 0 0 0 0 0 1 0 0 1 1 1 1 2 1 1 0 0 0 0 0 0 1 0 0 0 0 0 0 2 0 2 0 0 0 0 0 1 0 0 1 0 0 0 0 1 1 0 0 0 0 0 0 0 0 0 0 0 0 1 0 0 0 0 0 0 0 0 0 0 0 0 0
